# Query: ENSP00000363345.4 pep chromosome:GRCh38:9:112878920:112890913:-1 gene:ENSG00000119457.7 transcript:ENST00000374228.4 gene_biotype:protein_coding transcript_biotype:protein_coding gene_symbol:SLC46A2 description:solute carrier family 46 member 2 [Source:HGNC Symbol;Acc:HGNC:16055]													
ENSP00000363345.4	ENSP00000363345.4	100	475	0	0	1	475	1	475	0	954	475	475
ENSP00000363345.4	ENSP00000474847.1	99.69	320	1	0	1	320	1	320	0	647	475	341
ENSP00000363345.4	ENSP00000370192.4	26.53	392	266	8	53	442	48	419	2.00E-36	142	475	463
ENSP00000363345.4	ENSP00000266943.6	26.53	392	266	8	53	442	48	419	2.00E-36	142	475	461
ENSP00000363345.4	ENSP00000480703.1	24.65	426	283	8	51	468	64	459	3.00E-16	82.8	475	459
ENSP00000363345.4	ENSP00000483652.1	23.24	426	261	9	51	468	64	431	1.00E-07	55.5	475	431
ENSP00000363345.4	ENSP00000464190.1	25.25	198	121	7	141	338	78	248	4.00E-05	46.6	475	250
ENSP00000363345.4	ENSP00000397276.1	31.58	114	63	4	132	241	74	176	4.5	30.8	475	271
ENSP00000363345.4	ENSP00000281416.7	30.7	114	64	4	132	241	538	640	7.3	30.8	475	791
ENSP00000363345.4	ENSP00000376141.1	30.7	114	64	4	132	241	538	640	7.3	30.8	475	791
# Query: ENSP00000474847.1 pep chromosome:GRCh38:9:112879257:112890810:-1 gene:ENSG00000119457.7 transcript:ENST00000491462.2 gene_biotype:protein_coding transcript_biotype:nonsense_mediated_decay gene_symbol:SLC46A2 description:solute carrier family 46 member 2 [Source:HGNC Symbol;Acc:HGNC:16055]													
ENSP00000474847.1	ENSP00000474847.1	100	341	0	0	1	341	1	341	0	684	341	341
ENSP00000474847.1	ENSP00000363345.4	99.69	320	1	0	1	320	1	320	0	647	341	475
ENSP00000474847.1	ENSP00000370192.4	23.15	311	206	10	21	318	5	295	2.00E-11	66.2	341	463
ENSP00000474847.1	ENSP00000266943.6	23.15	311	206	10	21	318	5	295	2.00E-11	66.2	341	461
ENSP00000474847.1	ENSP00000483652.1	25.09	267	169	7	51	316	64	300	0.003	40.8	341	431
ENSP00000474847.1	ENSP00000480703.1	25.09	267	169	7	51	316	64	300	0.003	40.8	341	459
ENSP00000474847.1	ENSP00000464190.1	23.86	176	107	7	141	316	78	226	0.59	33.1	341	250
ENSP00000474847.1	ENSP00000397276.1	31.58	114	63	4	132	241	74	176	2.9	31.2	341	271
ENSP00000474847.1	ENSP00000281416.7	31.58	114	63	4	132	241	538	640	3.8	31.2	341	791
ENSP00000474847.1	ENSP00000376141.1	31.58	114	63	4	132	241	538	640	3.8	31.2	341	791
ENSP00000474847.1	ENSP00000406837.1	32.29	96	58	3	150	241	10	102	7.9	29.3	341	179
ENSP00000449547.1	ENSP00000281416.7	28.57	91	60	2	318	408	430	515	1.3	33.1	478	791
ENSP00000449547.1	ENSP00000376141.1	28.57	91	60	2	318	408	430	515	1.3	33.1	478	791
# Query: ENSP00000266943.6 pep chromosome:GRCh38:13:28700080:28718841:-1 gene:ENSG00000139508.14 transcript:ENST00000266943.10 gene_biotype:protein_coding transcript_biotype:protein_coding gene_symbol:SLC46A3 description:solute carrier family 46 member 3 [Source:HGNC Symbol;Acc:HGNC:27501]													
ENSP00000266943.6	ENSP00000266943.6	100	461	0	0	1	461	1	461	0	931	461	461
ENSP00000266943.6	ENSP00000370192.4	100	461	0	0	1	461	1	461	0	931	461	463
ENSP00000266943.6	ENSP00000480703.1	33.41	431	265	9	6	431	25	438	4.00E-55	194	461	459
ENSP00000266943.6	ENSP00000483652.1	30.86	431	248	10	6	431	25	410	8.00E-44	162	461	431
ENSP00000266943.6	ENSP00000363345.4	26.82	425	289	8	48	452	53	475	3.00E-36	141	461	475
ENSP00000266943.6	ENSP00000464190.1	29.23	260	168	7	63	317	2	250	1.00E-19	90.1	461	250
ENSP00000266943.6	ENSP00000474847.1	23.88	268	182	8	48	295	53	318	2.00E-09	60.8	461	341
ENSP00000266943.6	ENSP00000463339.1	44.78	67	37	0	286	352	2	68	2.00E-06	48.9	461	124
ENSP00000266943.6	ENSP00000467416.1	25.6	125	84	4	76	196	1	120	0.002	39.7	461	128
ENSP00000266943.6	ENSP00000426461.1	26.98	63	43	2	289	349	858	919	3.5	32	461	970
ENSP00000266943.6	ENSP00000264790.2	23	100	62	3	252	349	1091	1177	3.8	31.6	461	1228
ENSP00000266943.6	ENSP00000378431.1	23	100	62	3	252	349	1091	1177	3.8	31.6	461	1228
# Query: ENSP00000370192.4 pep chromosome:GRCh38:13:28700717:28718970:-1 gene:ENSG00000139508.14 transcript:ENST00000380814.4 gene_biotype:protein_coding transcript_biotype:protein_coding gene_symbol:SLC46A3 description:solute carrier family 46 member 3 [Source:HGNC Symbol;Acc:HGNC:27501]													
ENSP00000370192.4	ENSP00000370192.4	100	463	0	0	1	463	1	463	0	936	463	463
ENSP00000370192.4	ENSP00000266943.6	100	461	0	0	1	461	1	461	0	931	463	461
ENSP00000370192.4	ENSP00000480703.1	33.41	431	265	9	6	431	25	438	5.00E-55	194	463	459
ENSP00000370192.4	ENSP00000483652.1	30.86	431	248	10	6	431	25	410	1.00E-43	162	463	431
ENSP00000370192.4	ENSP00000363345.4	26.82	425	289	8	48	452	53	475	2.00E-36	142	463	475
ENSP00000370192.4	ENSP00000464190.1	29.23	260	168	7	63	317	2	250	1.00E-19	90.1	463	250
ENSP00000370192.4	ENSP00000474847.1	23.88	268	182	8	48	295	53	318	2.00E-09	60.8	463	341
ENSP00000370192.4	ENSP00000463339.1	44.78	67	37	0	286	352	2	68	2.00E-06	48.9	463	124
ENSP00000370192.4	ENSP00000467416.1	25.6	125	84	4	76	196	1	120	0.002	39.7	463	128
ENSP00000370192.4	ENSP00000426461.1	26.98	63	43	2	289	349	858	919	3.4	32	463	970
ENSP00000370192.4	ENSP00000264790.2	23	100	62	3	252	349	1091	1177	3.6	32	463	1228
ENSP00000370192.4	ENSP00000378431.1	23	100	62	3	252	349	1091	1177	3.6	32	463	1228
# Query: ENSP00000480703.1 pep chromosome:GRCh38:17:28394756:28406210:-1 gene:ENSG00000076351.12 transcript:ENST00000612814.4 gene_biotype:protein_coding transcript_biotype:protein_coding gene_symbol:SLC46A1 description:solute carrier family 46 member 1 [Source:HGNC Symbol;Acc:HGNC:30521]													
ENSP00000480703.1	ENSP00000480703.1	100	459	0	0	1	459	1	459	0	921	459	459
ENSP00000480703.1	ENSP00000483652.1	93.9	459	0	1	1	459	1	431	0	811	459	431
ENSP00000480703.1	ENSP00000464190.1	100	250	0	0	75	324	1	250	3.00E-175	496	459	250
ENSP00000480703.1	ENSP00000467416.1	100	128	0	0	89	216	1	128	5.00E-79	246	459	128
ENSP00000480703.1	ENSP00000370192.4	33.87	431	263	8	25	438	6	431	2.00E-56	197	459	463
ENSP00000480703.1	ENSP00000266943.6	33.87	431	263	8	25	438	6	431	2.00E-56	197	459	461
ENSP00000480703.1	ENSP00000463339.1	100	69	0	0	293	361	2	70	1.00E-39	142	459	124
ENSP00000480703.1	ENSP00000363345.4	24.65	426	283	8	64	459	51	468	1.00E-18	89.7	459	475
ENSP00000480703.1	ENSP00000462942.1	100	32	0	0	75	106	1	32	2.00E-13	67.4	459	32
ENSP00000480703.1	ENSP00000491854.1	21.78	381	247	10	79	454	287	621	0.001	42.7	459	689
ENSP00000480703.1	ENSP00000258436.5	33.65	104	62	2	98	201	93	189	0.004	40.8	459	474
ENSP00000480703.1	ENSP00000359171.3	21.19	387	266	10	79	454	64	422	0.013	39.3	459	490
ENSP00000480703.1	ENSP00000474847.1	25.09	267	169	7	64	300	51	316	0.015	38.9	459	341
ENSP00000480703.1	ENSP00000364493.3	22.47	356	236	11	79	421	72	400	0.043	37.7	459	506
ENSP00000480703.1	ENSP00000492745.1	21.19	387	266	10	79	454	287	645	0.051	37.7	459	713
ENSP00000480703.1	ENSP00000413641.1	71.43	21	6	0	98	118	15	35	0.19	33.1	459	79
ENSP00000480703.1	ENSP00000249389.2	46.94	49	23	1	113	158	66	114	0.5	34.3	459	348
ENSP00000480703.1	ENSP00000395642.1	23.68	152	101	4	57	199	33	178	0.63	33.9	459	432
ENSP00000480703.1	ENSP00000416310.1	28.04	107	70	3	94	199	118	218	0.74	33.5	459	351
ENSP00000480703.1	ENSP00000328583.4	23.68	152	101	4	57	199	82	227	0.82	33.5	459	543
ENSP00000480703.1	ENSP00000357915.3	23.68	152	101	4	57	199	116	261	0.85	33.5	459	577
ENSP00000480703.1	ENSP00000363441.4	23.21	112	82	2	106	213	287	398	2	32.3	459	421
ENSP00000480703.1	ENSP00000478933.2	23.21	112	82	2	106	213	310	421	2.5	32	459	444
ENSP00000480703.1	ENSP00000423402.1	28.95	114	68	3	92	199	89	195	3.3	31.6	459	366
ENSP00000480703.1	ENSP00000398548.2	24.13	286	166	13	79	352	106	352	4.3	31.2	459	542
ENSP00000480703.1	ENSP00000337335.2	24.13	286	166	13	79	352	106	352	4.3	31.2	459	542
ENSP00000480703.1	ENSP00000311463.8	24.13	286	166	13	79	352	106	352	4.7	31.2	459	533
ENSP00000480703.1	ENSP00000485217.1	22.61	115	85	2	106	216	340	454	5	31.2	459	474
ENSP00000480703.1	ENSP00000363443.3	22.61	115	85	2	106	216	340	454	5	31.2	459	474
ENSP00000480703.1	ENSP00000363448.3	29.58	71	47	1	106	173	77	147	5.8	30	459	180
ENSP00000480703.1	ENSP00000426907.1	29.9	97	61	2	103	199	106	195	6.8	30.8	459	480
ENSP00000480703.1	ENSP00000425757.1	30.66	137	82	5	103	238	106	230	7.1	30.4	459	356
ENSP00000480703.1	ENSP00000332646.4	29.9	97	61	2	103	199	106	195	7.8	30.4	459	455
ENSP00000480703.1	ENSP00000347619.4	29.9	97	61	2	103	199	106	195	7.8	30.4	459	455
ENSP00000480703.1	ENSP00000441658.1	24.13	286	166	13	79	352	15	261	7.9	30.4	459	451
# Query: ENSP00000483652.1 pep chromosome:GRCh38:17:28395676:28406201:-1 gene:ENSG00000076351.12 transcript:ENST00000618626.1 gene_biotype:protein_coding transcript_biotype:protein_coding gene_symbol:SLC46A1 description:solute carrier family 46 member 1 [Source:HGNC Symbol;Acc:HGNC:30521]													
ENSP00000483652.1	ENSP00000483652.1	100	431	0	0	1	431	1	431	0	864	431	431
ENSP00000483652.1	ENSP00000480703.1	93.9	459	0	1	1	431	1	459	0	811	431	459
ENSP00000483652.1	ENSP00000464190.1	100	250	0	0	75	324	1	250	2.00E-175	496	431	250
ENSP00000483652.1	ENSP00000467416.1	100	128	0	0	89	216	1	128	4.00E-79	245	431	128
ENSP00000483652.1	ENSP00000370192.4	31.32	431	246	9	25	410	6	431	3.00E-45	166	431	463
ENSP00000483652.1	ENSP00000266943.6	31.32	431	246	9	25	410	6	431	4.00E-45	166	431	461
ENSP00000483652.1	ENSP00000463339.1	81.11	90	10	1	293	382	2	84	3.00E-33	124	431	124
ENSP00000483652.1	ENSP00000462942.1	100	32	0	0	75	106	1	32	2.00E-13	67	431	32
ENSP00000483652.1	ENSP00000363345.4	23.24	426	261	9	64	431	51	468	5.00E-10	62.8	431	475
ENSP00000483652.1	ENSP00000258436.5	33.65	104	62	2	98	201	93	189	0.004	40.8	431	474
ENSP00000483652.1	ENSP00000474847.1	25.09	267	169	7	64	300	51	316	0.013	38.9	431	341
ENSP00000483652.1	ENSP00000413641.1	71.43	21	6	0	98	118	15	35	0.17	33.1	431	79
ENSP00000483652.1	ENSP00000249389.2	46.94	49	23	1	113	158	66	114	0.52	33.9	431	348
ENSP00000483652.1	ENSP00000416310.1	23.68	152	101	4	57	199	73	218	0.72	33.5	431	351
ENSP00000483652.1	ENSP00000395642.1	23.68	152	101	4	57	199	33	178	0.78	33.5	431	432
ENSP00000483652.1	ENSP00000491854.1	22.48	298	191	8	79	371	287	549	0.87	33.5	431	689
ENSP00000483652.1	ENSP00000328583.4	23.68	152	101	4	57	199	82	227	0.89	33.5	431	543
ENSP00000483652.1	ENSP00000357915.3	23.68	152	101	4	57	199	116	261	1	33.1	431	577
ENSP00000483652.1	ENSP00000363441.4	23.21	112	82	2	106	213	287	398	1.5	32.7	431	421
ENSP00000483652.1	ENSP00000478933.2	23.21	112	82	2	106	213	310	421	1.7	32.3	431	444
ENSP00000483652.1	ENSP00000423402.1	28.95	114	68	3	92	199	89	195	3.3	31.6	431	366
ENSP00000483652.1	ENSP00000485217.1	23.21	112	82	2	106	213	340	451	3.5	31.6	431	474
ENSP00000483652.1	ENSP00000363443.3	23.21	112	82	2	106	213	340	451	3.5	31.6	431	474
ENSP00000483652.1	ENSP00000398548.2	24.13	286	166	13	79	352	106	352	3.8	31.6	431	542
ENSP00000483652.1	ENSP00000337335.2	24.13	286	166	13	79	352	106	352	3.8	31.6	431	542
ENSP00000483652.1	ENSP00000311463.8	24.13	286	166	13	79	352	106	352	4	31.2	431	533
ENSP00000483652.1	ENSP00000363448.3	29.58	71	47	1	106	173	77	147	5	30.4	431	180
ENSP00000483652.1	ENSP00000426907.1	29.9	97	61	2	103	199	106	195	5.8	30.8	431	480
ENSP00000483652.1	ENSP00000425757.1	33.58	137	78	5	103	238	106	230	6.2	30.4	431	356
ENSP00000483652.1	ENSP00000332646.4	29.9	97	61	2	103	199	106	195	7.4	30.4	431	455
ENSP00000483652.1	ENSP00000347619.4	29.9	97	61	2	103	199	106	195	7.4	30.4	431	455
ENSP00000483652.1	ENSP00000441658.1	24.13	286	166	13	79	352	15	261	8.6	30	431	451
# Query: ENSP00000464190.1 pep chromosome:GRCh38:17:28404724:28406630:-1 gene:ENSG00000076351.12 transcript:ENST00000584995.5 gene_biotype:protein_coding transcript_biotype:protein_coding gene_symbol:SLC46A1 description:solute carrier family 46 member 1 [Source:HGNC Symbol;Acc:HGNC:30521]													
ENSP00000464190.1	ENSP00000464190.1	100	250	0	0	1	250	1	250	2.00E-178	496	250	250
ENSP00000464190.1	ENSP00000483652.1	100	250	0	0	1	250	75	324	1.00E-175	496	250	431
ENSP00000464190.1	ENSP00000480703.1	100	250	0	0	1	250	75	324	2.00E-175	496	250	459
ENSP00000464190.1	ENSP00000467416.1	100	128	0	0	15	142	1	128	1.00E-81	245	250	128
ENSP00000464190.1	ENSP00000266943.6	30	260	166	6	2	250	63	317	5.00E-22	95.9	250	461
ENSP00000464190.1	ENSP00000370192.4	30	260	166	6	2	250	63	317	5.00E-22	95.9	250	463
ENSP00000464190.1	ENSP00000462942.1	100	32	0	0	1	32	1	32	4.00E-14	66.6	250	32
ENSP00000464190.1	ENSP00000463339.1	100	23	0	0	219	241	2	24	6.00E-09	54.3	250	124
ENSP00000464190.1	ENSP00000363345.4	25.63	199	119	8	78	248	141	338	3.00E-05	45.8	250	475
ENSP00000464190.1	ENSP00000258436.5	33.65	104	62	2	24	127	93	189	9.00E-04	41.6	250	474
ENSP00000464190.1	ENSP00000413641.1	75	20	5	0	24	43	15	34	0.11	32.7	250	79
ENSP00000464190.1	ENSP00000249389.2	46.94	49	23	1	39	84	66	114	0.13	34.7	250	348
ENSP00000464190.1	ENSP00000416310.1	28.04	107	70	3	20	125	118	218	0.61	32.7	250	351
ENSP00000464190.1	ENSP00000474847.1	23.73	177	106	9	78	226	141	316	0.77	32.3	250	341
ENSP00000464190.1	ENSP00000357915.3	28.04	107	70	3	20	125	161	261	1.3	32	250	577
ENSP00000464190.1	ENSP00000395642.1	28.04	107	70	3	20	125	78	178	1.3	31.6	250	432
ENSP00000464190.1	ENSP00000328583.4	28.04	107	70	3	20	125	127	227	1.4	31.6	250	543
ENSP00000464190.1	ENSP00000423402.1	29.8	151	87	6	18	161	89	227	1.4	31.6	250	366
ENSP00000464190.1	ENSP00000425757.1	30.22	139	84	5	27	164	104	230	1.7	31.2	250	356
ENSP00000464190.1	ENSP00000363441.4	23.21	112	82	2	32	139	287	398	2.1	31.2	250	421
ENSP00000464190.1	ENSP00000363448.3	29.58	71	47	1	32	99	77	147	2.3	30.4	250	180
ENSP00000464190.1	ENSP00000332646.4	30.22	139	84	5	27	164	104	230	2.4	30.8	250	455
ENSP00000464190.1	ENSP00000347619.4	30.22	139	84	5	27	164	104	230	2.4	30.8	250	455
ENSP00000464190.1	ENSP00000478933.2	23.21	112	82	2	32	139	310	421	2.4	30.8	250	444
ENSP00000464190.1	ENSP00000482225.1	29.58	71	47	1	32	99	287	357	3.2	30.4	250	390
ENSP00000464190.1	ENSP00000427607.1	29.58	71	47	1	32	99	287	357	3.2	30.4	250	390
ENSP00000464190.1	ENSP00000426907.1	30.15	136	82	5	27	161	104	227	3.4	30.4	250	480
ENSP00000464190.1	ENSP00000485217.1	29.58	71	47	1	32	99	340	410	5.3	29.6	250	474
ENSP00000464190.1	ENSP00000363443.3	29.58	71	47	1	32	99	340	410	5.3	29.6	250	474
ENSP00000464190.1	ENSP00000364493.3	28.79	132	77	6	5	131	72	191	8.1	29.3	250	506
ENSP00000464190.1	ENSP00000359171.3	25.15	163	106	5	5	162	64	215	8.3	29.3	250	490
ENSP00000464190.1	ENSP00000491854.1	25.15	163	106	5	5	162	287	438	8.4	29.3	250	689
ENSP00000464190.1	ENSP00000420614.1	28.36	67	48	0	58	124	383	449	8.5	29.3	250	467
ENSP00000464190.1	ENSP00000244527.4	28.36	67	48	0	58	124	383	449	8.5	29.3	250	467
ENSP00000464190.1	ENSP00000492745.1	25.15	163	106	5	5	162	287	438	8.6	29.3	250	713
# Query: ENSP00000376141.1 pep chromosome:GRCh38:2:190408355:190502315:1 gene:ENSG00000151690.14 transcript:ENST00000392328.5 gene_biotype:protein_coding transcript_biotype:protein_coding gene_symbol:MFSD6 description:major facilitator superfamily domain containing 6 [Source:HGNC Symbol;Acc:HGNC:24711]													
ENSP00000376141.1	ENSP00000281416.7	100	791	0	0	1	791	1	791	0	1642	791	791
ENSP00000376141.1	ENSP00000376141.1	100	791	0	0	1	791	1	791	0	1642	791	791
ENSP00000376141.1	ENSP00000397276.1	100	259	0	0	466	724	2	260	0	539	791	271
ENSP00000376141.1	ENSP00000406837.1	100	179	0	0	539	717	1	179	4.00E-123	372	791	179
ENSP00000376141.1	ENSP00000403762.1	100	156	0	0	1	156	1	156	4.00E-106	327	791	156
ENSP00000376141.1	ENSP00000400131.1	100	114	0	0	1	114	1	114	3.00E-73	238	791	114
ENSP00000376141.1	ENSP00000404511.1	100	90	0	0	702	791	2	91	2.00E-56	190	791	91
ENSP00000376141.1	ENSP00000398737.1	100	42	0	0	1	42	1	42	9.00E-21	89.7	791	42
ENSP00000376141.1	ENSP00000330051.4	22.57	576	364	18	64	612	9	529	5.00E-17	86.7	791	586
ENSP00000376141.1	ENSP00000494744.1	25.4	126	62	6	306	421	45	148	3.4	32.3	791	331
ENSP00000376141.1	ENSP00000449200.1	23.81	126	64	5	306	421	217	320	4.5	32.3	791	590
ENSP00000376141.1	ENSP00000378364.3	23.81	126	64	5	306	421	217	320	4.5	32.3	791	590
ENSP00000376141.1	ENSP00000261187.4	28.57	91	60	2	430	515	318	408	5.2	32	791	478
ENSP00000376141.1	ENSP00000448742.1	28.57	91	60	2	430	515	318	408	5.2	32	791	478
ENSP00000376141.1	ENSP00000448071.1	28.57	91	60	2	430	515	318	408	5.2	32	791	478
ENSP00000376141.1	ENSP00000449547.1	28.57	91	60	2	430	515	318	408	5.2	32	791	478
ENSP00000376141.1	ENSP00000316909.4	27.35	117	62	4	536	639	185	291	5.5	32	791	589
ENSP00000376141.1	ENSP00000474847.1	31.58	114	63	4	538	640	132	241	5.8	31.6	791	341
ENSP00000376141.1	ENSP00000376715.3	25.52	145	84	5	536	667	185	318	6	32	791	539
ENSP00000376141.1	ENSP00000493633.1	25.4	126	62	6	306	421	200	303	6.4	31.6	791	573
ENSP00000376141.1	ENSP00000446769.1	23.81	126	64	5	306	421	188	291	6.6	31.6	791	568
ENSP00000376141.1	ENSP00000449008.1	23.81	126	64	5	306	421	188	291	6.6	31.6	791	568
ENSP00000376141.1	ENSP00000494107.1	23.81	126	64	5	306	421	188	291	6.6	31.6	791	568
ENSP00000376141.1	ENSP00000262051.7	23.81	126	64	5	306	421	188	291	6.6	31.6	791	568
ENSP00000376141.1	ENSP00000444542.2	25.4	126	62	6	306	421	188	291	6.6	31.6	791	561
ENSP00000376141.1	ENSP00000496105.1	25.4	126	62	6	306	421	188	291	6.6	31.6	791	561
ENSP00000376141.1	ENSP00000262052.5	25.4	126	62	6	306	421	188	291	6.6	31.6	791	561
ENSP00000376141.1	ENSP00000442810.2	25.4	126	62	6	306	421	184	287	7.2	31.6	791	557
ENSP00000376141.1	ENSP00000423817.1	32.73	55	30	1	607	654	41	95	7.3	30.8	791	221
ENSP00000376141.1	ENSP00000446914.1	25.4	126	62	6	306	421	109	212	8	31.2	791	482
ENSP00000376141.1	ENSP00000363345.4	31.58	114	63	4	538	640	132	241	8	31.2	791	475
ENSP00000376141.1	ENSP00000457613.1	40.48	42	25	0	225	266	664	705	9.5	31.2	791	1068
ENSP00000376141.1	ENSP00000378917.2	40.48	42	25	0	225	266	658	699	9.8	31.2	791	1097
ENSP00000376141.1	ENSP00000454516.1	40.48	42	25	0	225	266	658	699	10	31.2	791	1062
ENSP00000376141.1	ENSP00000315650.6	40.48	42	25	0	225	266	658	699	10	31.2	791	1062
# Query: ENSP00000397276.1 pep chromosome:GRCh38:2:190437424:190502113:1 gene:ENSG00000151690.14 transcript:ENST00000434582.5 gene_biotype:protein_coding transcript_biotype:protein_coding gene_symbol:MFSD6 description:major facilitator superfamily domain containing 6 [Source:HGNC Symbol;Acc:HGNC:24711]													
ENSP00000397276.1	ENSP00000397276.1	100	270	0	0	2	271	2	271	0	558	271	271
ENSP00000397276.1	ENSP00000281416.7	100	259	0	0	2	260	466	724	0	539	271	791
ENSP00000397276.1	ENSP00000376141.1	100	259	0	0	2	260	466	724	0	539	271	791
ENSP00000397276.1	ENSP00000406837.1	100	179	0	0	75	253	1	179	3.00E-129	369	271	179
ENSP00000397276.1	ENSP00000330051.4	25.85	147	105	1	2	148	387	529	5.00E-14	73.2	271	586
ENSP00000397276.1	ENSP00000404511.1	100	23	0	0	238	260	2	24	5.00E-08	51.6	271	91
ENSP00000397276.1	ENSP00000474847.1	31.58	114	63	4	74	176	132	241	1.9	31.2	271	341
ENSP00000397276.1	ENSP00000363345.4	31.58	114	63	4	74	176	132	241	2.1	31.2	271	475
ENSP00000397276.1	ENSP00000316909.4	27.35	117	62	4	72	175	185	291	2.3	31.2	271	589
ENSP00000397276.1	ENSP00000423817.1	28.79	66	40	1	132	190	30	95	2.4	30.8	271	221
ENSP00000397276.1	ENSP00000376715.3	27.35	117	62	4	72	175	185	291	3.5	30.8	271	539
ENSP00000397276.1	ENSP00000445280.1	28.79	66	40	1	132	190	169	234	5.8	29.6	271	371
ENSP00000397276.1	ENSP00000275227.4	31.18	93	58	4	75	167	136	222	5.9	30	271	456
ENSP00000397276.1	ENSP00000442373.1	28.79	66	40	1	132	190	180	245	6.1	29.6	271	382
ENSP00000397276.1	ENSP00000283441.8	28.79	66	40	1	132	190	169	234	7.4	29.6	271	412
# Query: ENSP00000281416.7 pep chromosome:GRCh38:2:190435895:190502315:1 gene:ENSG00000151690.14 transcript:ENST00000281416.11 gene_biotype:protein_coding transcript_biotype:protein_coding gene_symbol:MFSD6 description:major facilitator superfamily domain containing 6 [Source:HGNC Symbol;Acc:HGNC:24711]													
ENSP00000281416.7	ENSP00000281416.7	100	791	0	0	1	791	1	791	0	1642	791	791
ENSP00000281416.7	ENSP00000376141.1	100	791	0	0	1	791	1	791	0	1642	791	791
ENSP00000281416.7	ENSP00000397276.1	100	259	0	0	466	724	2	260	0	539	791	271
ENSP00000281416.7	ENSP00000406837.1	100	179	0	0	539	717	1	179	4.00E-123	372	791	179
ENSP00000281416.7	ENSP00000403762.1	100	156	0	0	1	156	1	156	4.00E-106	327	791	156
ENSP00000281416.7	ENSP00000400131.1	100	114	0	0	1	114	1	114	3.00E-73	238	791	114
ENSP00000281416.7	ENSP00000404511.1	100	90	0	0	702	791	2	91	2.00E-56	190	791	91
ENSP00000281416.7	ENSP00000398737.1	100	42	0	0	1	42	1	42	9.00E-21	89.7	791	42
ENSP00000281416.7	ENSP00000330051.4	22.57	576	364	18	64	612	9	529	5.00E-17	86.7	791	586
ENSP00000281416.7	ENSP00000494744.1	25.4	126	62	6	306	421	45	148	3.4	32.3	791	331
ENSP00000281416.7	ENSP00000449200.1	23.81	126	64	5	306	421	217	320	4.5	32.3	791	590
ENSP00000281416.7	ENSP00000378364.3	23.81	126	64	5	306	421	217	320	4.5	32.3	791	590
ENSP00000281416.7	ENSP00000261187.4	28.57	91	60	2	430	515	318	408	5.2	32	791	478
ENSP00000281416.7	ENSP00000448742.1	28.57	91	60	2	430	515	318	408	5.2	32	791	478
ENSP00000281416.7	ENSP00000448071.1	28.57	91	60	2	430	515	318	408	5.2	32	791	478
ENSP00000281416.7	ENSP00000449547.1	28.57	91	60	2	430	515	318	408	5.2	32	791	478
ENSP00000281416.7	ENSP00000316909.4	27.35	117	62	4	536	639	185	291	5.5	32	791	589
ENSP00000281416.7	ENSP00000474847.1	31.58	114	63	4	538	640	132	241	5.8	31.6	791	341
ENSP00000281416.7	ENSP00000376715.3	25.52	145	84	5	536	667	185	318	6	32	791	539
ENSP00000281416.7	ENSP00000493633.1	25.4	126	62	6	306	421	200	303	6.4	31.6	791	573
ENSP00000281416.7	ENSP00000446769.1	23.81	126	64	5	306	421	188	291	6.6	31.6	791	568
ENSP00000281416.7	ENSP00000449008.1	23.81	126	64	5	306	421	188	291	6.6	31.6	791	568
ENSP00000281416.7	ENSP00000494107.1	23.81	126	64	5	306	421	188	291	6.6	31.6	791	568
ENSP00000281416.7	ENSP00000262051.7	23.81	126	64	5	306	421	188	291	6.6	31.6	791	568
ENSP00000281416.7	ENSP00000444542.2	25.4	126	62	6	306	421	188	291	6.6	31.6	791	561
ENSP00000281416.7	ENSP00000496105.1	25.4	126	62	6	306	421	188	291	6.6	31.6	791	561
ENSP00000281416.7	ENSP00000262052.5	25.4	126	62	6	306	421	188	291	6.6	31.6	791	561
ENSP00000281416.7	ENSP00000442810.2	25.4	126	62	6	306	421	184	287	7.2	31.6	791	557
ENSP00000281416.7	ENSP00000423817.1	32.73	55	30	1	607	654	41	95	7.3	30.8	791	221
ENSP00000281416.7	ENSP00000446914.1	25.4	126	62	6	306	421	109	212	8	31.2	791	482
ENSP00000281416.7	ENSP00000363345.4	31.58	114	63	4	538	640	132	241	8	31.2	791	475
ENSP00000281416.7	ENSP00000457613.1	40.48	42	25	0	225	266	664	705	9.5	31.2	791	1068
ENSP00000281416.7	ENSP00000378917.2	40.48	42	25	0	225	266	658	699	9.8	31.2	791	1097
ENSP00000281416.7	ENSP00000454516.1	40.48	42	25	0	225	266	658	699	10	31.2	791	1062
ENSP00000281416.7	ENSP00000315650.6	40.48	42	25	0	225	266	658	699	10	31.2	791	1062
